000000000000000000000000 
000001000000011001011110 
000010000000100111110001 
000011000000011111110000 
000011111111110110010111 
000100111110100000101011 
000101111100010011111011 
000110111001000101100110 
000111110100101011011000 
001000101110111011010010 
001001100111101011101000 
001010011110110011000110 
001011010100001000110011 
001100000111100100010001 
001100111000111101011111 
001101101000001100111110 
001110010101001011101110 
001110111111110011010100 
001111100111111101111010 
010000001101100110010000 
010000110000100111101101 
010001010000111110010010 
010001101110100110101001 
010010001001011110000100 
010010100001100010100100 
010010110110110010110011 
010011001001001110000111 
010011011000110100100010 
010011100101100110110000 
010011101111100110001100 
010011110110110100111001 
010011111011010101100101 
010011111101001011101000 
010011111100011011000011 
010011111001001000011110 
010011110011011001001000 
010011101011010010110011 
010011100000111011111000 
010011010100011011001111 
010011000101111000010001 
010010110101011010110100 
010010100011001011001100 
010010001111010010000110 
010001111001111000100101 
010001100011001000000011 
010001001011001010001101 
010000110010001000111110 
010000011000001110100010 
001111111101100101001101 
001111100010010111011101 
001111000110101111110110 
001110101010111000111110 
001110001110111101011011 
001101110011000111110010 
001101010111100010100010 
001100111100011000000010 
001100100001110010011101 
001100000111111011110100 
001011101110111101110110 
001011010111000001111111 
001011000000010001011000 
001010101010110100110011 
001010010110110100100111 
001010000100011000110001 
001001110011101000101111 
001001100100101011100001 
001001010111100111100101 
001001001100100010110110 
001001000011100010101010 
001000111100101011110001 
001000111000000010010110 
001000110101101001111010 
001000110101100101010011 
001000110111110110110001 
001000111100011111110111 
001001000011100001011101 
001001001100111011110001 
001001011000101110010101 
001001100110111000000000 
001001110111010110111101 
001010001010001000101110 
001010011111001010001011 
001010110110010111100001 
001011001111101100010111 
001011101011000011101100 
001100001000010111111000 
001100100111100010110001 
001101001000011101101000 
001101101011000001001101 
001110001111000101110001 
001110110100100011001000 
001111011011010000101001 
010000000011000101010100 
010000101011110111101111 
010001010101011110001110 
010001111111101110110001 
010010101010011111001010 
010011010101100100111100 
010100000000110101100000 
010100101100000110001000 
010101010111001100000000 
010110000001111100010011 
010110101100001100001010 
010111010101110000110011 
010111111110011111100001 
011000100110001101110001 
011001001100110001001000 
011001110001111111011011 
011010010101101110110001 
011010110111110101100000 
011011011000001010010101 
011011110110100100010111 
011100010010111011000101 
011100101101000110011000 
011101000100111110101011 
011101011010011100110111 
011101101101011010011000 
011101111101110001001100 
011110001011011011111000 
011110010110010101100111 
011110011110011010001011 
011110100011100101111111 
011110100101110110001001 
011110100101001000011000 
011110100001011011000111 
011110011010101101011101 
011110010000111111001101 
011110000100010000110100 
011101110100100011011100 
011101100001111000111011 
011101001100010011110011 
011100110011110111001110 
011100011000100111000001 
011011111010100111101011 
011011011001111110010010 
011010110110110000100001 
011010010001000100101001 
011001101001000001100001 
011000111110101110011111 
011000010010010011011010 
010111100011111000100110 
010110110011100110110101 
010110000001100111010010 
010101001110000011100000 
010100011001000101010111 
010011100010110111000001 
010010101011100010111010 
010001110011010011101010 
010000111010010100000101 
010000000000101111001001 
001111000110101111110110 
001110001100100001010010 
001101010010001110100011 
001100011000000010101010 
001011011110001000100111 
001010100100101011001101 
001001101011110101001010 
001000110011110000111001 
000111111100101000101001 
000111000110100110010110 
000110010001110011100111 
000101011110011001101010 
000100101100100001010111 
000011111100010011001000 
000011001101110110111001 
000010100001010100001000 
000001110110110001110010 
000001001110010110001110 
000000101000000111010001 
000000000100001010001001 
111111100010100011011101 
111111000011010111001011 
111110100110101000101000 
111110001100011010011111 
111101110100101110110001 
111101011111100110110011 
111101001101000011001111 
111100111101000100000010 
111100101111101000100000 
111100100100101111010001 
111100011100010110010001 
111100010110011010110100 
111100010010111001100010 
111100010001101110011110 
111100010010110101000001 
111100010110000111111110 
111100011011100001100101 
111100100010111011100001 
111100101100001110111011 
111100110111010100100000 
111101000100000100011010 
111101010010010110011100 
111101100010000001111100 
111101110010111101111010 
111110000101000001000010 
111110011000000001101011 
111110101011110101111111 
111111000000010011111000 
111111010101010001000111 
111111101010100011010100 
000000000000000000000000 
000000010101011100101100 
000000101010101110111001 
000000111111101100001000 
000001010100001010000001 
000001100111111110010101 
000001111010111110111110 
000010001101000010000110 
000010011101111110000100 
000010101101101001100100 
000010111011111011100110 
000011001000101011100000 
000011010011110001000101 
000011011101000100011111 
000011100100011110011011 
000011101001111000000010 
000011101101001010111111 
000011101110010001100010 
000011101101000110011110 
000011101001100101001100 
000011100011101001101111 
000011011011010000101111 
000011010000010111100000 
000011000010111011111110 
000010110010111100110001 
000010100000011001001101 
000010001011010001001111 
000001110011100101100001 
000001011001010111011000 
000000111100101000110101 
000000011101011100100011 
111111111011110101110111 
111111010111111000101111 
111110110001101001110010 
111110001001001110001110 
111101011110101011111000 
111100110010001001000111 
111100000011101100111000 
111011010011011110101001 
111010100001100110010110 
111001101110001100011001 
111000111001011001101010 
111000000011010111010111 
110111001100001111000111 
110110010100001010110110 
110101011011010100110011 
110100100001110111011001 
110011100111111101010110 
110010101101110001011101 
110001110011011110101110 
110000111001010000001010 
101111111111010000110111 
101111000101101011111011 
101110001100101100010110 
101101010100011101000110 
101100011101001000111111 
101011100110111010101001 
101010110001111100100000 
101001111110011000101110 
101001001100011001001011 
101000011100000111011010 
100111101101101100100110 
100111000001010001100001 
100110010110111110011111 
100101101110111011010111 
100101001001001111011111 
100100100110000001101110 
100100000101011000010101 
100011100111011000111111 
100011001100001000110010 
100010110011101100001101 
100010011110000111000101 
100010001011011100100100 
100001111011101111001100 
100001101111000000110011 
100001100101010010100011 
100001011110100100111001 
100001011010110111101000 
100001011010001001110111 
100001011100011010000001 
100001100001100101110101 
100001101001101010011001 
100001110100100100001000 
100010000010001110110100 
100010010010100101101000 
100010100101100011001001 
100010111011000001010101 
100011010010111001101000 
100011101101000100111011 
100100001001011011101001 
100100100111110101101011 
100101001000001010100000 
100101101010010001001111 
100110001110000000100101 
100110110011001110111000 
100111011001110010001111 
101000000001100000011111 
101000101010001111001101 
101001010011110011110110 
101001111110000011101101 
101010101000110100000000 
101011010011111001111000 
101011111111001010100000 
101100101010011011000100 
101101010101100000110110 
101110000000010001001111 
101110101010100001110010 
101111010100001000010001 
101111111100111010101100 
110000100100101111010111 
110001001011011100111000 
110001110000111010001111 
110010010100111110110011 
110010110111100010011000 
110011011000011101001111 
110011110111101000001000 
110100010100111100010100 
110100110000010011101001 
110101001001101000011111 
110101100000110101110101 
110101110101110111010010 
110110001000101001000011 
110110011001001000000000 
110110100111010001101011 
110110110011000100001111 
110110111100011110100011 
110111000011100000001001 
110111001000001001001111 
110111001010011010101101 
110111001010010110000110 
110111000111111101101010 
110111000011010100001111 
110110111100011101010110 
110110110011011101001010 
110110101000011000011011 
110110011011010100011111 
110110001100010111010001 
110101111011100111001111 
110101101001001011011001 
110101010101001011001101 
110100111111101110101000 
110100101000111110000001 
110100010001000010001010 
110011111000000100001100 
110011011110001101100011 
110011000011100111111110 
110010101000011101011110 
110010001100111000001110 
110001110001000010100101 
110001010101000111000010 
110000111001010000001010 
110000011101101000100011 
110000000010011010110011 
101111100111110001011110 
101111001101110111000010 
101110110100110101110011 
101110011100110111111101 
101110000110000111011011 
101101110000101101111010 
101101011100110100110100 
101101001010100101001100 
101100111010000111101111 
101100101011100100110001 
101100011111000100001000 
101100010100101101001101 
101100001100100110111000 
101100000110110111100010 
101100000011100100111101 
101100000010110100011000 
101100000100101010011011 
101100001001001011000111 
101100010000011001110100 
101100011010011001010000 
101100100111001011011110 
101100110110110001111001 
101101001001001101001101 
101101011110011101011100 
101101110110100001111100 
101110010001011001010111 
101110101111000001101110 
101111001111011000010011 
101111110010011001110000 
110000011000000010000110 
110001000000001100101100 
110001101010110100010010 
110010010111110011000010 
110011000111000010100001 
110011111000011011101111 
110100101011110111001101 
110101100001001100111010 
110110011000010100011000 
110111010001000100101110 
111000001011010100101000 
111001000110111010011010 
111010000011101100000101 
111011000001011111010101 
111100000000001001101001 
111100111111100000010000 
111101111111011000001111 
111110111111100110100010 
