000000000000000000000000 
000000000000000010011100 
000000000000000100110101 
000000000000000111000101 
000000000000001001001011 
000000000000001011000011 
000000000000001100101001 
000000000000001101111011 
000000000000001110110111 
000000000000001111011011 
000000000000001111101000 
000000000000001111011011 
000000000000001110110111 
000000000000001101111011 
000000000000001100101001 
000000000000001011000011 
000000000000001001001011 
000000000000000111000101 
000000000000000100110101 
000000000000000010011100 
000000000000000000000000 
111111111111111101100100 
111111111111111011001101 
111111111111111000111101 
111111111111110110110111 
111111111111110100111111 
111111111111110011011001 
111111111111110010000111 
111111111111110001001011 
111111111111110000100111 
111111111111110000011000 
111111111111110000100111 
111111111111110001001011 
111111111111110010000111 
111111111111110011011001 
111111111111110100111111 
111111111111110110110111 
111111111111111000111101 
111111111111111011001101 
111111111111111101100100 
000000000000000000000000 
000000000000000010011100 
000000000000000100110101 
000000000000000111000101 
000000000000001001001011 
000000000000001011000011 
000000000000001100101001 
000000000000001101111011 
000000000000001110110111 
000000000000001111011011 
000000000000001111101000 
000000000000001111011011 
000000000000001110110111 
000000000000001101111011 
000000000000001100101001 
000000000000001011000011 
000000000000001001001011 
000000000000000111000101 
000000000000000100110101 
000000000000000010011100 
000000000000000000000000 
111111111111111101100100 
111111111111111011001101 
111111111111111000111101 
111111111111110110110111 
111111111111110100111111 
111111111111110011011001 
111111111111110010000111 
111111111111110001001011 
111111111111110000100111 
111111111111110000011000 
111111111111110000100111 
111111111111110001001011 
111111111111110010000111 
111111111111110011011001 
111111111111110100111111 
111111111111110110110111 
111111111111111000111101 
111111111111111011001101 
111111111111111101100100 
000000000000000000000000 
000000000000000010011100 
000000000000000100110101 
000000000000000111000101 
000000000000001001001011 
000000000000001011000011 
000000000000001100101001 
000000000000001101111011 
000000000000001110110111 
000000000000001111011011 
000000000000001111101000 
000000000000001111011011 
000000000000001110110111 
000000000000001101111011 
000000000000001100101001 
000000000000001011000011 
000000000000001001001011 
000000000000000111000101 
000000000000000100110101 
000000000000000010011100 
000000000000000000000000 
111111111111111101100100 
111111111111111011001101 
111111111111111000111101 
111111111111110110110111 
111111111111110100111111 
111111111111110011011001 
111111111111110010000111 
111111111111110001001011 
111111111111110000100111 
111111111111110000011000 
111111111111110000100111 
111111111111110001001011 
111111111111110010000111 
111111111111110011011001 
111111111111110100111111 
111111111111110110110111 
111111111111111000111101 
111111111111111011001101 
111111111111111101100100 
000000000000000000000000 
000000000000000010011100 
000000000000000100110101 
000000000000000111000101 
000000000000001001001011 
000000000000001011000011 
000000000000001100101001 
000000000000001101111011 
000000000000001110110111 
000000000000001111011011 
000000000000001111101000 
000000000000001111011011 
000000000000001110110111 
000000000000001101111011 
000000000000001100101001 
000000000000001011000011 
000000000000001001001011 
000000000000000111000101 
000000000000000100110101 
000000000000000010011100 
000000000000000000000000 
111111111111111101100100 
111111111111111011001101 
111111111111111000111101 
111111111111110110110111 
111111111111110100111111 
111111111111110011011001 
111111111111110010000111 
111111111111110001001011 
111111111111110000100111 
111111111111110000011000 
111111111111110000100111 
111111111111110001001011 
111111111111110010000111 
111111111111110011011001 
111111111111110100111111 
111111111111110110110111 
111111111111111000111101 
111111111111111011001101 
111111111111111101100100 
000000000000000000000000 
000000000000000010011100 
000000000000000100110101 
000000000000000111000101 
000000000000001001001011 
000000000000001011000011 
000000000000001100101001 
000000000000001101111011 
000000000000001110110111 
000000000000001111011011 
000000000000001111101000 
000000000000001111011011 
000000000000001110110111 
000000000000001101111011 
000000000000001100101001 
000000000000001011000011 
000000000000001001001011 
000000000000000111000101 
000000000000000100110101 
000000000000000010011100 
000000000000000000000000 
111111111111111101100100 
111111111111111011001101 
111111111111111000111101 
111111111111110110110111 
111111111111110100111111 
111111111111110011011001 
111111111111110010000111 
111111111111110001001011 
111111111111110000100111 
111111111111110000011000 
111111111111110000100111 
111111111111110001001011 
111111111111110010000111 
111111111111110011011001 
111111111111110100111111 
111111111111110110110111 
111111111111111000111101 
111111111111111011001101 
111111111111111101100100 
