000000000000000000000000 
000011100101001001101111 
000111000100101010010110 
001010011001000001100111 
001101011101000000111000 
010000001011110011010001 
010010100001000101010110 
010100011001001011110111 
010101110001001001100011 
010110100110110011110010 
010110111000110110000000 
010110100110110011110010 
010101110001001001100011 
010100011001001011110111 
010010100001000101010110 
010000001011110011010001 
001101011101000000111000 
001010011001000001100111 
000111000100101010010110 
000011100101001001101111 
000000000000000000000000 
111100011010110110010001 
111000111011010101101010 
110101100110111110011001 
110010100010111111001000 
101111110100001100101111 
101101011110111010101010 
101011100110110100001001 
101010001110110110011101 
101001011001001100001110 
101001000111001010000000 
101001011001001100001110 
101010001110110110011101 
101011100110110100001001 
101101011110111010101010 
101111110100001100101111 
110010100010111111001000 
110101100110111110011001 
111000111011010101101010 
111100011010110110010001 
