000000000000000000000000 
001001100111101011101000 
010000110000100111101101 
010011110110110100111001 
010010110101011010110100 
001111000110101111110110 
001011000000010001011000 
001000111000000010010110 
001010001010001000101110 
001110110100100011001000 
010101010111001100000000 
011011011000001010010101 
011110011110011010001011 
011101001100010011110011 
010111100011111000100110 
001111000110101111110110 
000110010001110011100111 
111111100010100011011101 
111100011100010110010001 
111101000100000100011010 
000000000000000000000000 
000010111011111011100110 
000011100011101001101111 
000000011101011100100011 
111001101110001100011001 
110000111001010000001010 
101000011100000111011010 
100010110011101100001101 
100001100001100101110101 
100100100111110101101011 
101010101000110100000000 
110001001011011100111000 
110101110101110111010010 
110111000111111101101010 
110100111111101110101000 
110000111001010000001010 
101101001010100101001100 
101100001001001011000111 
101111001111011000010011 
110110011000010100011000 
